Year_Published,Count,cumulation,before_sum
2008,2,2,0
2009,3,5,2
2010,11,16,5
2011,20,36,16
2012,21,57,36
2013,31,88,57
2014,47,135,88
2015,24,159,135
2016,11,170,159
2017,7,177,170
2018,9,186,177
2019,12,198,186
2020,1,199,198